precision = 0.8899056972267173
recall = 0.8909331297368764
f1 = 0.8904191170996799
loss = 0.35563507482602996
